; added a launchpad perspective for each drone
; added the is-clear-perspective for the relevant perspectives in the initial state



(define (problem droneacharya-problem-21base)
  (:domain droneacharya-domain)
 
  (:objects 

    ;delete all from objects
    s1-tower-launchpad s1-antenna-1 s1-antenna-2 s1-antenna-3 s1-antenna-4 s1-antenna-5 s1-antenna-6 - component 
    s2-tower-launchpad s2-antenna-1 s2-antenna-2 s2-antenna-3 s2-antenna-4 s2-antenna-5 s2-antenna-6 - component 
    s3-tower-launchpad s3-antenna-1 s3-antenna-2 s3-antenna-3 s3-antenna-4 s3-antenna-5 s3-antenna-6 - component 
    s4-tower-launchpad s4-antenna-1 s4-antenna-2 s4-antenna-3 s4-antenna-4 s4-antenna-5 s4-antenna-6 - component
    s5-tower-launchpad s5-antenna-1 s5-antenna-2 s5-antenna-3 s5-antenna-4 s5-antenna-5 s5-antenna-6 - component
    s6-tower-launchpad s6-antenna-1 s6-antenna-2 s6-antenna-3 s6-antenna-4 s6-antenna-5 s6-antenna-6 - component
    s7-tower-launchpad s7-antenna-1 s7-antenna-2 s7-antenna-3 s7-antenna-4 s7-antenna-5 s7-antenna-6 - component
    s8-tower-launchpad s8-antenna-1 s8-antenna-2 s8-antenna-3 s8-antenna-4 s8-antenna-5 s8-antenna-6 - component
    s9-tower-launchpad s9-antenna-1 s9-antenna-2 s9-antenna-3 s9-antenna-4 s9-antenna-5 s9-antenna-6 - component
    s10-tower-launchpad s10-antenna-1 s10-antenna-2 s10-antenna-3 s10-antenna-4 s10-antenna-5 s10-antenna-6 - component
    s11-tower-launchpad s11-antenna-1 s11-antenna-2 s11-antenna-3 s11-antenna-4 s11-antenna-5 s11-antenna-6 - component
    s12-tower-launchpad s12-antenna-1 s12-antenna-2 s12-antenna-3 s12-antenna-4 s12-antenna-5 s12-antenna-6 - component
    s13-tower-launchpad s13-antenna-1 s13-antenna-2 s13-antenna-3 s13-antenna-4 s13-antenna-5 s13-antenna-6 - component
    s14-tower-launchpad s14-antenna-1 s14-antenna-2 s14-antenna-3 s14-antenna-4 s14-antenna-5 s14-antenna-6 - component
    s15-tower-launchpad s15-antenna-1 s15-antenna-2 s15-antenna-3 s15-antenna-4 s15-antenna-5 s15-antenna-6 - component
    s16-tower-launchpad s16-antenna-1 s16-antenna-2 s16-antenna-3 s16-antenna-4 s16-antenna-5 s16-antenna-6 - component
    s17-tower-launchpad s17-antenna-1 s17-antenna-2 s17-antenna-3 s17-antenna-4 s17-antenna-5 s17-antenna-6 - component
    s18-tower-launchpad s18-antenna-1 s18-antenna-2 s18-antenna-3 s18-antenna-4 s18-antenna-5 s18-antenna-6 - component
    s19-tower-launchpad s19-antenna-1 s19-antenna-2 s19-antenna-3 s19-antenna-4 s19-antenna-5 s19-antenna-6 - component
    s20-tower-launchpad s20-antenna-1 s20-antenna-2 s20-antenna-3 s20-antenna-4 s20-antenna-5 s20-antenna-6 - component
    s21-tower-launchpad s21-antenna-1 s21-antenna-2 s21-antenna-3 s21-antenna-4 s21-antenna-5 s21-antenna-6 - component

    
    drone1 drone2 drone3 - drone
    drone4 drone5 drone6 drone7 drone8 drone9 drone10 drone11 drone12 - drone

  )

  (:init

    ;distance between sites

    (= (distance s1-tower-launchpad s2-tower-launchpad) 26.5270582)
    (= (distance s1-tower-launchpad s3-tower-launchpad) 29.4229233)
    (= (distance s1-tower-launchpad s4-tower-launchpad) 228.344162)
    (= (distance s1-tower-launchpad s5-tower-launchpad) 190.681693)
    (= (distance s1-tower-launchpad s6-tower-launchpad) 191.313157)
    (= (distance s1-tower-launchpad s7-tower-launchpad) 169.971025)
    (= (distance s1-tower-launchpad s8-tower-launchpad) 173.02956)
    (= (distance s1-tower-launchpad s9-tower-launchpad) 144.421511)
    (= (distance s1-tower-launchpad s10-tower-launchpad) 224.08125)
    (= (distance s1-tower-launchpad s11-tower-launchpad) 264.027212)
    (= (distance s1-tower-launchpad s12-tower-launchpad) 231.749447)
    (= (distance s1-tower-launchpad s13-tower-launchpad) 247.150924)
    (= (distance s1-tower-launchpad s14-tower-launchpad) 267.048681)
    (= (distance s1-tower-launchpad s15-tower-launchpad) 277.684072)
    (= (distance s1-tower-launchpad s16-tower-launchpad) 267.509745)
    (= (distance s1-tower-launchpad s17-tower-launchpad) 255.235975)
    (= (distance s1-tower-launchpad s18-tower-launchpad) 283.661084)
    (= (distance s1-tower-launchpad s19-tower-launchpad) 224.998786)
    (= (distance s1-tower-launchpad s20-tower-launchpad) 191.533634)
    (= (distance s1-tower-launchpad s21-tower-launchpad) 223.522907)
    (= (distance s2-tower-launchpad s1-tower-launchpad) 26.5270582)
    (= (distance s2-tower-launchpad s3-tower-launchpad) 20.3883273)
    (= (distance s2-tower-launchpad s4-tower-launchpad) 253.737405)
    (= (distance s2-tower-launchpad s5-tower-launchpad) 215.518188)
    (= (distance s2-tower-launchpad s6-tower-launchpad) 217.225973)
    (= (distance s2-tower-launchpad s7-tower-launchpad) 174.173346)
    (= (distance s2-tower-launchpad s8-tower-launchpad) 170.974853)
    (= (distance s2-tower-launchpad s9-tower-launchpad) 143.696077)
    (= (distance s2-tower-launchpad s10-tower-launchpad) 201.422858)
    (= (distance s2-tower-launchpad s11-tower-launchpad) 240.822589)
    (= (distance s2-tower-launchpad s12-tower-launchpad) 206.83247)
    (= (distance s2-tower-launchpad s13-tower-launchpad) 226.024742)
    (= (distance s2-tower-launchpad s14-tower-launchpad) 244.333969)
    (= (distance s2-tower-launchpad s15-tower-launchpad) 257.256031)
    (= (distance s2-tower-launchpad s16-tower-launchpad) 274.158274)
    (= (distance s2-tower-launchpad s17-tower-launchpad) 259.916538)
    (= (distance s2-tower-launchpad s18-tower-launchpad) 288.830723)
    (= (distance s2-tower-launchpad s19-tower-launchpad) 248.295616)
    (= (distance s2-tower-launchpad s20-tower-launchpad) 214.314385)
    (= (distance s2-tower-launchpad s21-tower-launchpad) 244.697165)
    (= (distance s3-tower-launchpad s1-tower-launchpad) 29.4229233)
    (= (distance s3-tower-launchpad s2-tower-launchpad) 20.3883273)
    (= (distance s3-tower-launchpad s4-tower-launchpad) 255.390903)
    (= (distance s3-tower-launchpad s5-tower-launchpad) 218.496357)
    (= (distance s3-tower-launchpad s6-tower-launchpad) 217.477916)
    (= (distance s3-tower-launchpad s7-tower-launchpad) 192.559736)
    (= (distance s3-tower-launchpad s8-tower-launchpad) 190.856031)
    (= (distance s3-tower-launchpad s9-tower-launchpad) 163.276264)
    (= (distance s3-tower-launchpad s10-tower-launchpad) 216.736331)
    (= (distance s3-tower-launchpad s11-tower-launchpad) 255.416788)
    (= (distance s3-tower-launchpad s12-tower-launchpad) 219.123315)
    (= (distance s3-tower-launchpad s13-tower-launchpad) 217.979381)
    (= (distance s3-tower-launchpad s14-tower-launchpad) 238.439886)
    (= (distance s3-tower-launchpad s15-tower-launchpad) 248.362028)
    (= (distance s3-tower-launchpad s16-tower-launchpad) 253.814705)
    (= (distance s3-tower-launchpad s17-tower-launchpad) 239.529078)
    (= (distance s3-tower-launchpad s18-tower-launchpad) 268.442637)
    (= (distance s3-tower-launchpad s19-tower-launchpad) 235.52727)
    (= (distance s3-tower-launchpad s20-tower-launchpad) 201.098598)
    (= (distance s3-tower-launchpad s21-tower-launchpad) 229.777225)
    (= (distance s4-tower-launchpad s1-tower-launchpad) 228.344162)
    (= (distance s4-tower-launchpad s2-tower-launchpad) 253.737405)
    (= (distance s4-tower-launchpad s3-tower-launchpad) 255.390903)
    (= (distance s4-tower-launchpad s5-tower-launchpad) 40.6126148)
    (= (distance s4-tower-launchpad s6-tower-launchpad) 40.6126148)
    (= (distance s4-tower-launchpad s7-tower-launchpad) 226.627999)
    (= (distance s4-tower-launchpad s8-tower-launchpad) 264.273082)
    (= (distance s4-tower-launchpad s9-tower-launchpad) 246.002825)
    (= (distance s4-tower-launchpad s10-tower-launchpad) 414.476459)
    (= (distance s4-tower-launchpad s11-tower-launchpad) 454.593673)
    (= (distance s4-tower-launchpad s12-tower-launchpad) 436.75365)
    (= (distance s4-tower-launchpad s13-tower-launchpad) 469.931032)
    (= (distance s4-tower-launchpad s14-tower-launchpad) 492.764371)
    (= (distance s4-tower-launchpad s15-tower-launchpad) 498.330634)
    (= (distance s4-tower-launchpad s16-tower-launchpad) 369.332417)
    (= (distance s4-tower-launchpad s17-tower-launchpad) 372.208344)
    (= (distance s4-tower-launchpad s18-tower-launchpad) 391.352083)
    (= (distance s4-tower-launchpad s19-tower-launchpad) 184.039398)
    (= (distance s4-tower-launchpad s20-tower-launchpad) 182.324654)
    (= (distance s4-tower-launchpad s21-tower-launchpad) 214.931676)
    (= (distance s5-tower-launchpad s1-tower-launchpad) 190.681693)
    (= (distance s5-tower-launchpad s2-tower-launchpad) 215.518188)
    (= (distance s5-tower-launchpad s3-tower-launchpad) 218.496357)
    (= (distance s5-tower-launchpad s4-tower-launchpad) 40.6126148)
    (= (distance s5-tower-launchpad s6-tower-launchpad) 29.1339746)
    (= (distance s5-tower-launchpad s7-tower-launchpad) 190.2078)
    (= (distance s5-tower-launchpad s8-tower-launchpad) 226.627999)
    (= (distance s5-tower-launchpad s9-tower-launchpad) 207.089755)
    (= (distance s5-tower-launchpad s10-tower-launchpad) 373.943973)
    (= (distance s5-tower-launchpad s11-tower-launchpad) 414.112797)
    (= (distance s5-tower-launchpad s12-tower-launchpad) 396.15659)
    (= (distance s5-tower-launchpad s13-tower-launchpad) 434.897754)
    (= (distance s5-tower-launchpad s14-tower-launchpad) 456.733345)
    (= (distance s5-tower-launchpad s15-tower-launchpad) 464.000653)
    (= (distance s5-tower-launchpad s16-tower-launchpad) 354.803859)
    (= (distance s5-tower-launchpad s17-tower-launchpad) 355.204625)
    (= (distance s5-tower-launchpad s18-tower-launchpad) 376.447646)
    (= (distance s5-tower-launchpad s19-tower-launchpad) 185.035149)
    (= (distance s5-tower-launchpad s20-tower-launchpad) 175.659666)
    (= (distance s5-tower-launchpad s21-tower-launchpad) 212.01366)
    (= (distance s6-tower-launchpad s1-tower-launchpad) 191.313157)
    (= (distance s6-tower-launchpad s2-tower-launchpad) 217.225973)
    (= (distance s6-tower-launchpad s3-tower-launchpad) 217.477916)
    (= (distance s6-tower-launchpad s4-tower-launchpad) 40.6126148)
    (= (distance s6-tower-launchpad s5-tower-launchpad) 29.1339746)
    (= (distance s6-tower-launchpad s7-tower-launchpad) 213.311694)
    (= (distance s6-tower-launchpad s8-tower-launchpad) 248.056264)
    (= (distance s6-tower-launchpad s9-tower-launchpad) 226.627999)
    (= (distance s6-tower-launchpad s10-tower-launchpad) 387.073018)
    (= (distance s6-tower-launchpad s11-tower-launchpad) 427.622995)
    (= (distance s6-tower-launchpad s12-tower-launchpad) 406.741104)
    (= (distance s6-tower-launchpad s13-tower-launchpad) 430.443661)
    (= (distance s6-tower-launchpad s14-tower-launchpad) 453.793924)
    (= (distance s6-tower-launchpad s15-tower-launchpad) 458.531542)
    (= (distance s6-tower-launchpad s16-tower-launchpad) 332.650248)
    (= (distance s6-tower-launchpad s17-tower-launchpad) 334.425348)
    (= (distance s6-tower-launchpad s18-tower-launchpad) 354.521143)
    (= (distance s6-tower-launchpad s19-tower-launchpad) 156.82685)
    (= (distance s6-tower-launchpad s20-tower-launchpad) 149.509534)
    (= (distance s6-tower-launchpad s21-tower-launchpad) 184.841333)
    (= (distance s7-tower-launchpad s1-tower-launchpad) 169.971025)
    (= (distance s7-tower-launchpad s2-tower-launchpad) 174.173346)
    (= (distance s7-tower-launchpad s3-tower-launchpad) 192.559736)
    (= (distance s7-tower-launchpad s4-tower-launchpad) 226.627999)
    (= (distance s7-tower-launchpad s5-tower-launchpad) 190.2078)
    (= (distance s7-tower-launchpad s6-tower-launchpad) 213.311694)
    (= (distance s7-tower-launchpad s8-tower-launchpad) 40.6126148)
    (= (distance s7-tower-launchpad s9-tower-launchpad) 40.6126148)
    (= (distance s7-tower-launchpad s10-tower-launchpad) 217.145992)
    (= (distance s7-tower-launchpad s11-tower-launchpad) 252.527444)
    (= (distance s7-tower-launchpad s12-tower-launchpad) 251.580256)
    (= (distance s7-tower-launchpad s13-tower-launchpad) 379.495507)
    (= (distance s7-tower-launchpad s14-tower-launchpad) 389.084669)
    (= (distance s7-tower-launchpad s15-tower-launchpad) 412.155038)
    (= (distance s7-tower-launchpad s16-tower-launchpad) 433.177671)
    (= (distance s7-tower-launchpad s17-tower-launchpad) 422.983765)
    (= (distance s7-tower-launchpad s18-tower-launchpad) 450.753404)
    (= (distance s7-tower-launchpad s19-tower-launchpad) 335.186888)
    (= (distance s7-tower-launchpad s20-tower-launchpad) 310.188257)
    (= (distance s7-tower-launchpad s21-tower-launchpad) 348.845198)
    (= (distance s8-tower-launchpad s1-tower-launchpad) 173.02956)
    (= (distance s8-tower-launchpad s2-tower-launchpad) 170.974853)
    (= (distance s8-tower-launchpad s3-tower-launchpad) 190.856031)
    (= (distance s8-tower-launchpad s4-tower-launchpad) 264.273082)
    (= (distance s8-tower-launchpad s5-tower-launchpad) 226.627999)
    (= (distance s8-tower-launchpad s6-tower-launchpad) 248.056264)
    (= (distance s8-tower-launchpad s7-tower-launchpad) 40.6126148)
    (= (distance s8-tower-launchpad s9-tower-launchpad) 29.1339746)
    (= (distance s8-tower-launchpad s10-tower-launchpad) 178.959128)
    (= (distance s8-tower-launchpad s11-tower-launchpad) 213.15426)
    (= (distance s8-tower-launchpad s12-tower-launchpad) 215.196571)
    (= (distance s8-tower-launchpad s13-tower-launchpad) 359.372159)
    (= (distance s8-tower-launchpad s14-tower-launchpad) 366.068477)
    (= (distance s8-tower-launchpad s15-tower-launchpad) 392.002026)
    (= (distance s8-tower-launchpad s16-tower-launchpad) 440.400801)
    (= (distance s8-tower-launchpad s17-tower-launchpad) 428.225603)
    (= (distance s8-tower-launchpad s18-tower-launchpad) 456.689869)
    (= (distance s8-tower-launchpad s19-tower-launchpad) 359.928304)
    (= (distance s8-tower-launchpad s20-tower-launchpad) 332.658114)
    (= (distance s8-tower-launchpad s21-tower-launchpad) 370.510144)
    (= (distance s9-tower-launchpad s1-tower-launchpad) 144.421511)
    (= (distance s9-tower-launchpad s2-tower-launchpad) 143.696077)
    (= (distance s9-tower-launchpad s3-tower-launchpad) 163.276264)
    (= (distance s9-tower-launchpad s4-tower-launchpad) 246.002825)
    (= (distance s9-tower-launchpad s5-tower-launchpad) 207.089755)
    (= (distance s9-tower-launchpad s6-tower-launchpad) 226.627999)
    (= (distance s9-tower-launchpad s7-tower-launchpad) 40.6126148)
    (= (distance s9-tower-launchpad s8-tower-launchpad) 29.1339746)
    (= (distance s9-tower-launchpad s10-tower-launchpad) 180.817377)
    (= (distance s9-tower-launchpad s11-tower-launchpad) 217.907972)
    (= (distance s9-tower-launchpad s12-tower-launchpad) 213.272067)
    (= (distance s9-tower-launchpad s13-tower-launchpad) 340.545395)
    (= (distance s9-tower-launchpad s14-tower-launchpad) 349.294769)
    (= (distance s9-tower-launchpad s15-tower-launchpad) 373.225515)
    (= (distance s9-tower-launchpad s16-tower-launchpad) 411.582802)
    (= (distance s9-tower-launchpad s17-tower-launchpad) 399.655205)
    (= (distance s9-tower-launchpad s18-tower-launchpad) 428.036418)
    (= (distance s9-tower-launchpad s19-tower-launchpad) 332.53897)
    (= (distance s9-tower-launchpad s20-tower-launchpad) 304.68891)
    (= (distance s9-tower-launchpad s21-tower-launchpad) 342.303113)
    (= (distance s10-tower-launchpad s1-tower-launchpad) 224.08125)
    (= (distance s10-tower-launchpad s2-tower-launchpad) 201.422858)
    (= (distance s10-tower-launchpad s3-tower-launchpad) 216.736331)
    (= (distance s10-tower-launchpad s4-tower-launchpad) 414.476459)
    (= (distance s10-tower-launchpad s5-tower-launchpad) 373.943973)
    (= (distance s10-tower-launchpad s6-tower-launchpad) 387.073018)
    (= (distance s10-tower-launchpad s7-tower-launchpad) 217.145992)
    (= (distance s10-tower-launchpad s8-tower-launchpad) 178.959128)
    (= (distance s10-tower-launchpad s9-tower-launchpad) 180.817377)
    (= (distance s10-tower-launchpad s11-tower-launchpad) 40.8072879)
    (= (distance s10-tower-launchpad s12-tower-launchpad) 42.846823)
    (= (distance s10-tower-launchpad s13-tower-launchpad) 253.361842)
    (= (distance s10-tower-launchpad s14-tower-launchpad) 245.147348)
    (= (distance s10-tower-launchpad s15-tower-launchpad) 281.883373)
    (= (distance s10-tower-launchpad s16-tower-launchpad) 448.223221)
    (= (distance s10-tower-launchpad s17-tower-launchpad) 428.747165)
    (= (distance s10-tower-launchpad s18-tower-launchpad) 457.375735)
    (= (distance s10-tower-launchpad s19-tower-launchpad) 449.073372)
    (= (distance s10-tower-launchpad s20-tower-launchpad) 415.4462)
    (= (distance s10-tower-launchpad s21-tower-launchpad) 446.060302)
    (= (distance s11-tower-launchpad s1-tower-launchpad) 264.027212)
    (= (distance s11-tower-launchpad s2-tower-launchpad) 240.822589)
    (= (distance s11-tower-launchpad s3-tower-launchpad) 255.416788)
    (= (distance s11-tower-launchpad s4-tower-launchpad) 454.593673)
    (= (distance s11-tower-launchpad s5-tower-launchpad) 414.112797)
    (= (distance s11-tower-launchpad s6-tower-launchpad) 427.622995)
    (= (distance s11-tower-launchpad s7-tower-launchpad) 252.527444)
    (= (distance s11-tower-launchpad s8-tower-launchpad) 213.15426)
    (= (distance s11-tower-launchpad s9-tower-launchpad) 217.907972)
    (= (distance s11-tower-launchpad s10-tower-launchpad) 40.8072879)
    (= (distance s11-tower-launchpad s12-tower-launchpad) 49.3319186)
    (= (distance s11-tower-launchpad s13-tower-launchpad) 266.976372)
    (= (distance s11-tower-launchpad s14-tower-launchpad) 254.043053)
    (= (distance s11-tower-launchpad s15-tower-launchpad) 292.945083)
    (= (distance s11-tower-launchpad s16-tower-launchpad) 480.432471)
    (= (distance s11-tower-launchpad s17-tower-launchpad) 460.193871)
    (= (distance s11-tower-launchpad s18-tower-launchpad) 488.461159)
    (= (distance s11-tower-launchpad s19-tower-launchpad) 488.901991)
    (= (distance s11-tower-launchpad s20-tower-launchpad) 455.096769)
    (= (distance s11-tower-launchpad s21-tower-launchpad) 485.120381)
    (= (distance s12-tower-launchpad s1-tower-launchpad) 231.749447)
    (= (distance s12-tower-launchpad s2-tower-launchpad) 206.83247)
    (= (distance s12-tower-launchpad s3-tower-launchpad) 219.123315)
    (= (distance s12-tower-launchpad s4-tower-launchpad) 436.75365)
    (= (distance s12-tower-launchpad s5-tower-launchpad) 396.15659)
    (= (distance s12-tower-launchpad s6-tower-launchpad) 406.741104)
    (= (distance s12-tower-launchpad s7-tower-launchpad) 251.580256)
    (= (distance s12-tower-launchpad s8-tower-launchpad) 215.196571)
    (= (distance s12-tower-launchpad s9-tower-launchpad) 213.272067)
    (= (distance s12-tower-launchpad s10-tower-launchpad) 42.846823)
    (= (distance s12-tower-launchpad s11-tower-launchpad) 49.3319186)
    (= (distance s12-tower-launchpad s13-tower-launchpad) 218.660079)
    (= (distance s12-tower-launchpad s14-tower-launchpad) 207.391231)
    (= (distance s12-tower-launchpad s15-tower-launchpad) 245.518662)
    (= (distance s12-tower-launchpad s16-tower-launchpad) 434.223813)
    (= (distance s12-tower-launchpad s17-tower-launchpad) 413.515505)
    (= (distance s12-tower-launchpad s18-tower-launchpad) 441.519521)
    (= (distance s12-tower-launchpad s19-tower-launchpad) 454.553888)
    (= (distance s12-tower-launchpad s20-tower-launchpad) 420.205877)
    (= (distance s12-tower-launchpad s21-tower-launchpad) 448.265071)
    (= (distance s13-tower-launchpad s1-tower-launchpad) 247.150924)
    (= (distance s13-tower-launchpad s2-tower-launchpad) 226.024742)
    (= (distance s13-tower-launchpad s3-tower-launchpad) 217.979381)
    (= (distance s13-tower-launchpad s4-tower-launchpad) 469.931032)
    (= (distance s13-tower-launchpad s5-tower-launchpad) 434.897754)
    (= (distance s13-tower-launchpad s6-tower-launchpad) 430.443661)
    (= (distance s13-tower-launchpad s7-tower-launchpad) 379.495507)
    (= (distance s13-tower-launchpad s8-tower-launchpad) 359.372159)
    (= (distance s13-tower-launchpad s9-tower-launchpad) 340.545395)
    (= (distance s13-tower-launchpad s10-tower-launchpad) 253.361842)
    (= (distance s13-tower-launchpad s11-tower-launchpad) 266.976372)
    (= (distance s13-tower-launchpad s12-tower-launchpad) 218.660079)
    (= (distance s13-tower-launchpad s14-tower-launchpad) 32.43635)
    (= (distance s13-tower-launchpad s15-tower-launchpad) 32.680555)
    (= (distance s13-tower-launchpad s16-tower-launchpad) 282.585367)
    (= (distance s13-tower-launchpad s17-tower-launchpad) 258.590868)
    (= (distance s13-tower-launchpad s18-tower-launchpad) 280.301441)
    (= (distance s13-tower-launchpad s19-tower-launchpad) 397.372709)
    (= (distance s13-tower-launchpad s20-tower-launchpad) 364.78726)
    (= (distance s13-tower-launchpad s21-tower-launchpad) 375.29431)
    (= (distance s14-tower-launchpad s1-tower-launchpad) 267.048681)
    (= (distance s14-tower-launchpad s2-tower-launchpad) 244.333969)
    (= (distance s14-tower-launchpad s3-tower-launchpad) 238.439886)
    (= (distance s14-tower-launchpad s4-tower-launchpad) 492.764371)
    (= (distance s14-tower-launchpad s5-tower-launchpad) 456.733345)
    (= (distance s14-tower-launchpad s6-tower-launchpad) 453.793924)
    (= (distance s14-tower-launchpad s7-tower-launchpad) 389.084669)
    (= (distance s14-tower-launchpad s8-tower-launchpad) 366.068477)
    (= (distance s14-tower-launchpad s9-tower-launchpad) 349.294769)
    (= (distance s14-tower-launchpad s10-tower-launchpad) 245.147348)
    (= (distance s14-tower-launchpad s11-tower-launchpad) 254.043053)
    (= (distance s14-tower-launchpad s12-tower-launchpad) 207.391231)
    (= (distance s14-tower-launchpad s13-tower-launchpad) 32.43635)
    (= (distance s14-tower-launchpad s15-tower-launchpad) 40.6573704)
    (= (distance s14-tower-launchpad s16-tower-launchpad) 314.904419)
    (= (distance s14-tower-launchpad s17-tower-launchpad) 290.894709)
    (= (distance s14-tower-launchpad s18-tower-launchpad) 312.327303)
    (= (distance s14-tower-launchpad s19-tower-launchpad) 427.192882)
    (= (distance s14-tower-launchpad s20-tower-launchpad) 394.216147)
    (= (distance s14-tower-launchpad s21-tower-launchpad) 405.912101)
    (= (distance s15-tower-launchpad s1-tower-launchpad) 277.684072)
    (= (distance s15-tower-launchpad s2-tower-launchpad) 257.256031)
    (= (distance s15-tower-launchpad s3-tower-launchpad) 248.362028)
    (= (distance s15-tower-launchpad s4-tower-launchpad) 498.330634)
    (= (distance s15-tower-launchpad s5-tower-launchpad) 464.000653)
    (= (distance s15-tower-launchpad s6-tower-launchpad) 458.531542)
    (= (distance s15-tower-launchpad s7-tower-launchpad) 412.155038)
    (= (distance s15-tower-launchpad s8-tower-launchpad) 392.002026)
    (= (distance s15-tower-launchpad s9-tower-launchpad) 373.225515)
    (= (distance s15-tower-launchpad s10-tower-launchpad) 281.883373)
    (= (distance s15-tower-launchpad s11-tower-launchpad) 292.945083)
    (= (distance s15-tower-launchpad s12-tower-launchpad) 245.518662)
    (= (distance s15-tower-launchpad s13-tower-launchpad) 32.680555)
    (= (distance s15-tower-launchpad s14-tower-launchpad) 40.6573704)
    (= (distance s15-tower-launchpad s16-tower-launchpad) 288.72097)
    (= (distance s15-tower-launchpad s17-tower-launchpad) 264.698478)
    (= (distance s15-tower-launchpad s18-tower-launchpad) 283.945685)
    (= (distance s15-tower-launchpad s19-tower-launchpad) 417.770061)
    (= (distance s15-tower-launchpad s20-tower-launchpad) 386.041397)
    (= (distance s15-tower-launchpad s21-tower-launchpad) 393.959478)
    (= (distance s16-tower-launchpad s1-tower-launchpad) 267.509745)
    (= (distance s16-tower-launchpad s2-tower-launchpad) 274.158274)
    (= (distance s16-tower-launchpad s3-tower-launchpad) 253.814705)
    (= (distance s16-tower-launchpad s4-tower-launchpad) 369.332417)
    (= (distance s16-tower-launchpad s5-tower-launchpad) 354.803859)
    (= (distance s16-tower-launchpad s6-tower-launchpad) 332.650248)
    (= (distance s16-tower-launchpad s7-tower-launchpad) 433.177671)
    (= (distance s16-tower-launchpad s8-tower-launchpad) 440.400801)
    (= (distance s16-tower-launchpad s9-tower-launchpad) 411.582802)
    (= (distance s16-tower-launchpad s10-tower-launchpad) 448.223221)
    (= (distance s16-tower-launchpad s11-tower-launchpad) 480.432471)
    (= (distance s16-tower-launchpad s12-tower-launchpad) 434.223813)
    (= (distance s16-tower-launchpad s13-tower-launchpad) 282.585367)
    (= (distance s16-tower-launchpad s14-tower-launchpad) 314.904419)
    (= (distance s16-tower-launchpad s15-tower-launchpad) 288.72097)
    (= (distance s16-tower-launchpad s17-tower-launchpad) 24.0511696)
    (= (distance s16-tower-launchpad s18-tower-launchpad) 22.1710853)
    (= (distance s16-tower-launchpad s19-tower-launchpad) 204.330804)
    (= (distance s16-tower-launchpad s20-tower-launchpad) 190.58492)
    (= (distance s16-tower-launchpad s21-tower-launchpad) 169.761399)
    (= (distance s17-tower-launchpad s1-tower-launchpad) 255.235975)
    (= (distance s17-tower-launchpad s2-tower-launchpad) 259.916538)
    (= (distance s17-tower-launchpad s3-tower-launchpad) 239.529078)
    (= (distance s17-tower-launchpad s4-tower-launchpad) 372.208344)
    (= (distance s17-tower-launchpad s5-tower-launchpad) 355.204625)
    (= (distance s17-tower-launchpad s6-tower-launchpad) 334.425348)
    (= (distance s17-tower-launchpad s7-tower-launchpad) 422.983765)
    (= (distance s17-tower-launchpad s8-tower-launchpad) 428.225603)
    (= (distance s17-tower-launchpad s9-tower-launchpad) 399.655205)
    (= (distance s17-tower-launchpad s10-tower-launchpad) 428.747165)
    (= (distance s17-tower-launchpad s11-tower-launchpad) 460.193871)
    (= (distance s17-tower-launchpad s12-tower-launchpad) 413.515505)
    (= (distance s17-tower-launchpad s13-tower-launchpad) 258.590868)
    (= (distance s17-tower-launchpad s14-tower-launchpad) 290.894709)
    (= (distance s17-tower-launchpad s15-tower-launchpad) 264.698478)
    (= (distance s17-tower-launchpad s16-tower-launchpad) 24.0511696)
    (= (distance s17-tower-launchpad s18-tower-launchpad) 29.151356)
    (= (distance s17-tower-launchpad s19-tower-launchpad) 214.533753)
    (= (distance s17-tower-launchpad s20-tower-launchpad) 197.30672)
    (= (distance s17-tower-launchpad s21-tower-launchpad) 180.650532)
    (= (distance s18-tower-launchpad s1-tower-launchpad) 283.661084)
    (= (distance s18-tower-launchpad s2-tower-launchpad) 288.830723)
    (= (distance s18-tower-launchpad s3-tower-launchpad) 268.442637)
    (= (distance s18-tower-launchpad s4-tower-launchpad) 391.352083)
    (= (distance s18-tower-launchpad s5-tower-launchpad) 376.447646)
    (= (distance s18-tower-launchpad s6-tower-launchpad) 354.521143)
    (= (distance s18-tower-launchpad s7-tower-launchpad) 450.753404)
    (= (distance s18-tower-launchpad s8-tower-launchpad) 456.689869)
    (= (distance s18-tower-launchpad s9-tower-launchpad) 428.036418)
    (= (distance s18-tower-launchpad s10-tower-launchpad) 457.375735)
    (= (distance s18-tower-launchpad s11-tower-launchpad) 488.461159)
    (= (distance s18-tower-launchpad s12-tower-launchpad) 441.519521)
    (= (distance s18-tower-launchpad s13-tower-launchpad) 280.301441)
    (= (distance s18-tower-launchpad s14-tower-launchpad) 312.327303)
    (= (distance s18-tower-launchpad s15-tower-launchpad) 283.945685)
    (= (distance s18-tower-launchpad s16-tower-launchpad) 22.1710853)
    (= (distance s18-tower-launchpad s17-tower-launchpad) 29.151356)
    (= (distance s18-tower-launchpad s19-tower-launchpad) 226.187614)
    (= (distance s18-tower-launchpad s20-tower-launchpad) 212.753719)
    (= (distance s18-tower-launchpad s21-tower-launchpad) 191.542584)
    (= (distance s19-tower-launchpad s1-tower-launchpad) 224.998786)
    (= (distance s19-tower-launchpad s2-tower-launchpad) 248.295616)
    (= (distance s19-tower-launchpad s3-tower-launchpad) 235.52727)
    (= (distance s19-tower-launchpad s4-tower-launchpad) 184.039398)
    (= (distance s19-tower-launchpad s5-tower-launchpad) 185.035149)
    (= (distance s19-tower-launchpad s6-tower-launchpad) 156.82685)
    (= (distance s19-tower-launchpad s7-tower-launchpad) 335.186888)
    (= (distance s19-tower-launchpad s8-tower-launchpad) 359.928304)
    (= (distance s19-tower-launchpad s9-tower-launchpad) 332.53897)
    (= (distance s19-tower-launchpad s10-tower-launchpad) 449.073372)
    (= (distance s19-tower-launchpad s11-tower-launchpad) 488.901991)
    (= (distance s19-tower-launchpad s12-tower-launchpad) 454.553888)
    (= (distance s19-tower-launchpad s13-tower-launchpad) 397.372709)
    (= (distance s19-tower-launchpad s14-tower-launchpad) 427.192882)
    (= (distance s19-tower-launchpad s15-tower-launchpad) 417.770061)
    (= (distance s19-tower-launchpad s16-tower-launchpad) 204.330804)
    (= (distance s19-tower-launchpad s17-tower-launchpad) 214.533753)
    (= (distance s19-tower-launchpad s18-tower-launchpad) 226.187614)
    (= (distance s19-tower-launchpad s20-tower-launchpad) 34.8157222)
    (= (distance s19-tower-launchpad s21-tower-launchpad) 34.8157222)
    (= (distance s20-tower-launchpad s1-tower-launchpad) 191.533634)
    (= (distance s20-tower-launchpad s2-tower-launchpad) 214.314385)
    (= (distance s20-tower-launchpad s3-tower-launchpad) 201.098598)
    (= (distance s20-tower-launchpad s4-tower-launchpad) 182.324654)
    (= (distance s20-tower-launchpad s5-tower-launchpad) 175.659666)
    (= (distance s20-tower-launchpad s6-tower-launchpad) 149.509534)
    (= (distance s20-tower-launchpad s7-tower-launchpad) 310.188257)
    (= (distance s20-tower-launchpad s8-tower-launchpad) 332.658114)
    (= (distance s20-tower-launchpad s9-tower-launchpad) 304.68891)
    (= (distance s20-tower-launchpad s10-tower-launchpad) 415.4462)
    (= (distance s20-tower-launchpad s11-tower-launchpad) 455.096769)
    (= (distance s20-tower-launchpad s12-tower-launchpad) 420.205877)
    (= (distance s20-tower-launchpad s13-tower-launchpad) 364.78726)
    (= (distance s20-tower-launchpad s14-tower-launchpad) 394.216147)
    (= (distance s20-tower-launchpad s15-tower-launchpad) 386.041397)
    (= (distance s20-tower-launchpad s16-tower-launchpad) 190.58492)
    (= (distance s20-tower-launchpad s17-tower-launchpad) 197.30672)
    (= (distance s20-tower-launchpad s18-tower-launchpad) 212.753719)
    (= (distance s20-tower-launchpad s19-tower-launchpad) 34.8157222)
    (= (distance s20-tower-launchpad s21-tower-launchpad) 39.1339746)
    (= (distance s21-tower-launchpad s1-tower-launchpad) 223.522907)
    (= (distance s21-tower-launchpad s2-tower-launchpad) 244.697165)
    (= (distance s21-tower-launchpad s3-tower-launchpad) 229.777225)
    (= (distance s21-tower-launchpad s4-tower-launchpad) 214.931676)
    (= (distance s21-tower-launchpad s5-tower-launchpad) 212.01366)
    (= (distance s21-tower-launchpad s6-tower-launchpad) 184.841333)
    (= (distance s21-tower-launchpad s7-tower-launchpad) 348.845198)
    (= (distance s21-tower-launchpad s8-tower-launchpad) 370.510144)
    (= (distance s21-tower-launchpad s9-tower-launchpad) 342.303113)
    (= (distance s21-tower-launchpad s10-tower-launchpad) 446.060302)
    (= (distance s21-tower-launchpad s11-tower-launchpad) 485.120381)
    (= (distance s21-tower-launchpad s12-tower-launchpad) 448.265071)
    (= (distance s21-tower-launchpad s13-tower-launchpad) 375.29431)
    (= (distance s21-tower-launchpad s14-tower-launchpad) 405.912101)
    (= (distance s21-tower-launchpad s15-tower-launchpad) 393.959478)
    (= (distance s21-tower-launchpad s16-tower-launchpad) 169.761399)
    (= (distance s21-tower-launchpad s17-tower-launchpad) 180.650532)
    (= (distance s21-tower-launchpad s18-tower-launchpad) 191.542584)
    (= (distance s21-tower-launchpad s19-tower-launchpad) 34.8157222)
    (= (distance s21-tower-launchpad s20-tower-launchpad) 39.1339746)


     ;distance between components

    (= (distance s1-tower-launchpad s1-antenna-1) 7.551247)
    (= (distance s1-antenna-1 s1-tower-launchpad) 7.551247)
    (= (distance s1-tower-launchpad s1-antenna-2) 4.772442)
    (= (distance s1-antenna-2 s1-tower-launchpad) 4.772442)
    (= (distance s1-tower-launchpad s1-antenna-3) 7.476881)
    (= (distance s1-antenna-3 s1-tower-launchpad) 7.476881)
    (= (distance s1-tower-launchpad s1-antenna-4) 5.646729)
    (= (distance s1-antenna-4 s1-tower-launchpad) 5.646729)
    (= (distance s1-tower-launchpad s1-antenna-5) 4.15707)
    (= (distance s1-antenna-5 s1-tower-launchpad) 4.15707)
    (= (distance s1-tower-launchpad s1-antenna-6) 6.037968)
    (= (distance s1-antenna-6 s1-tower-launchpad) 6.037968)
    (= (distance s1-antenna-1 s1-antenna-2) 1.177278)
    (= (distance s1-antenna-2 s1-antenna-1) 1.177278)
    (= (distance s1-antenna-1 s1-antenna-3) 1.540518)
    (= (distance s1-antenna-3 s1-antenna-1) 1.540518)
    (= (distance s1-antenna-1 s1-antenna-4) 1.410746)
    (= (distance s1-antenna-4 s1-antenna-1) 1.410746)
    (= (distance s1-antenna-1 s1-antenna-5) 2.416816)
    (= (distance s1-antenna-5 s1-antenna-1) 2.416816)
    (= (distance s1-antenna-1 s1-antenna-6) 1.430546)
    (= (distance s1-antenna-6 s1-antenna-1) 1.430546)
    (= (distance s1-antenna-2 s1-antenna-3) 1.80395)
    (= (distance s1-antenna-3 s1-antenna-2) 1.80395)
    (= (distance s1-antenna-2 s1-antenna-4) 2.257725)
    (= (distance s1-antenna-4 s1-antenna-2) 2.257725)
    (= (distance s1-antenna-2 s1-antenna-5) 2.670199)
    (= (distance s1-antenna-5 s1-antenna-2) 2.670199)
    (= (distance s1-antenna-2 s1-antenna-6) 1.980432)
    (= (distance s1-antenna-6 s1-antenna-2) 1.980432)
    (= (distance s1-antenna-3 s1-antenna-4) 1.731141)
    (= (distance s1-antenna-4 s1-antenna-3) 1.731141)
    (= (distance s1-antenna-3 s1-antenna-5) 1.049984)
    (= (distance s1-antenna-5 s1-antenna-3) 1.049984)
    (= (distance s1-antenna-3 s1-antenna-6) 2.309454)
    (= (distance s1-antenna-6 s1-antenna-3) 2.309454)
    (= (distance s1-antenna-4 s1-antenna-5) 1.733136)
    (= (distance s1-antenna-5 s1-antenna-4) 1.733136)
    (= (distance s1-antenna-4 s1-antenna-6) 2.114554)
    (= (distance s1-antenna-6 s1-antenna-4) 2.114554)
    (= (distance s1-antenna-5 s1-antenna-6) 1.626395)
    (= (distance s1-antenna-6 s1-antenna-5) 1.626395)
    (= (distance s2-tower-launchpad s2-antenna-1) 7.551247)
    (= (distance s2-antenna-1 s2-tower-launchpad) 7.551247)
    (= (distance s2-tower-launchpad s2-antenna-2) 4.772442)
    (= (distance s2-antenna-2 s2-tower-launchpad) 4.772442)
    (= (distance s2-tower-launchpad s2-antenna-3) 7.476881)
    (= (distance s2-antenna-3 s2-tower-launchpad) 7.476881)
    (= (distance s2-tower-launchpad s2-antenna-4) 5.646729)
    (= (distance s2-antenna-4 s2-tower-launchpad) 5.646729)
    (= (distance s2-tower-launchpad s2-antenna-5) 4.15707)
    (= (distance s2-antenna-5 s2-tower-launchpad) 4.15707)
    (= (distance s2-tower-launchpad s2-antenna-6) 6.037968)
    (= (distance s2-antenna-6 s2-tower-launchpad) 6.037968)
    (= (distance s2-antenna-1 s2-antenna-2) 1.177278)
    (= (distance s2-antenna-2 s2-antenna-1) 1.177278)
    (= (distance s2-antenna-1 s2-antenna-3) 1.540518)
    (= (distance s2-antenna-3 s2-antenna-1) 1.540518)
    (= (distance s2-antenna-1 s2-antenna-4) 1.410746)
    (= (distance s2-antenna-4 s2-antenna-1) 1.410746)
    (= (distance s2-antenna-1 s2-antenna-5) 2.416816)
    (= (distance s2-antenna-5 s2-antenna-1) 2.416816)
    (= (distance s2-antenna-1 s2-antenna-6) 1.430546)
    (= (distance s2-antenna-6 s2-antenna-1) 1.430546)
    (= (distance s2-antenna-2 s2-antenna-3) 1.80395)
    (= (distance s2-antenna-3 s2-antenna-2) 1.80395)
    (= (distance s2-antenna-2 s2-antenna-4) 2.257725)
    (= (distance s2-antenna-4 s2-antenna-2) 2.257725)
    (= (distance s2-antenna-2 s2-antenna-5) 2.670199)
    (= (distance s2-antenna-5 s2-antenna-2) 2.670199)
    (= (distance s2-antenna-2 s2-antenna-6) 1.980432)
    (= (distance s2-antenna-6 s2-antenna-2) 1.980432)
    (= (distance s2-antenna-3 s2-antenna-4) 1.731141)
    (= (distance s2-antenna-4 s2-antenna-3) 1.731141)
    (= (distance s2-antenna-3 s2-antenna-5) 1.049984)
    (= (distance s2-antenna-5 s2-antenna-3) 1.049984)
    (= (distance s2-antenna-3 s2-antenna-6) 2.309454)
    (= (distance s2-antenna-6 s2-antenna-3) 2.309454)
    (= (distance s2-antenna-4 s2-antenna-5) 1.733136)
    (= (distance s2-antenna-5 s2-antenna-4) 1.733136)
    (= (distance s2-antenna-4 s2-antenna-6) 2.114554)
    (= (distance s2-antenna-6 s2-antenna-4) 2.114554)
    (= (distance s2-antenna-5 s2-antenna-6) 1.626395)
    (= (distance s2-antenna-6 s2-antenna-5) 1.626395)
    (= (distance s3-tower-launchpad s3-antenna-1) 7.551247)
    (= (distance s3-antenna-1 s3-tower-launchpad) 7.551247)
    (= (distance s3-tower-launchpad s3-antenna-2) 4.772442)
    (= (distance s3-antenna-2 s3-tower-launchpad) 4.772442)
    (= (distance s3-tower-launchpad s3-antenna-3) 7.476881)
    (= (distance s3-antenna-3 s3-tower-launchpad) 7.476881)
    (= (distance s3-tower-launchpad s3-antenna-4) 5.646729)
    (= (distance s3-antenna-4 s3-tower-launchpad) 5.646729)
    (= (distance s3-tower-launchpad s3-antenna-5) 4.15707)
    (= (distance s3-antenna-5 s3-tower-launchpad) 4.15707)
    (= (distance s3-tower-launchpad s3-antenna-6) 6.037968)
    (= (distance s3-antenna-6 s3-tower-launchpad) 6.037968)
    (= (distance s3-antenna-1 s3-antenna-2) 1.177278)
    (= (distance s3-antenna-2 s3-antenna-1) 1.177278)
    (= (distance s3-antenna-1 s3-antenna-3) 1.540518)
    (= (distance s3-antenna-3 s3-antenna-1) 1.540518)
    (= (distance s3-antenna-1 s3-antenna-4) 1.410746)
    (= (distance s3-antenna-4 s3-antenna-1) 1.410746)
    (= (distance s3-antenna-1 s3-antenna-5) 2.416816)
    (= (distance s3-antenna-5 s3-antenna-1) 2.416816)
    (= (distance s3-antenna-1 s3-antenna-6) 1.430546)
    (= (distance s3-antenna-6 s3-antenna-1) 1.430546)
    (= (distance s3-antenna-2 s3-antenna-3) 1.80395)
    (= (distance s3-antenna-3 s3-antenna-2) 1.80395)
    (= (distance s3-antenna-2 s3-antenna-4) 2.257725)
    (= (distance s3-antenna-4 s3-antenna-2) 2.257725)
    (= (distance s3-antenna-2 s3-antenna-5) 2.670199)
    (= (distance s3-antenna-5 s3-antenna-2) 2.670199)
    (= (distance s3-antenna-2 s3-antenna-6) 1.980432)
    (= (distance s3-antenna-6 s3-antenna-2) 1.980432)
    (= (distance s3-antenna-3 s3-antenna-4) 1.731141)
    (= (distance s3-antenna-4 s3-antenna-3) 1.731141)
    (= (distance s3-antenna-3 s3-antenna-5) 1.049984)
    (= (distance s3-antenna-5 s3-antenna-3) 1.049984)
    (= (distance s3-antenna-3 s3-antenna-6) 2.309454)
    (= (distance s3-antenna-6 s3-antenna-3) 2.309454)
    (= (distance s3-antenna-4 s3-antenna-5) 1.733136)
    (= (distance s3-antenna-5 s3-antenna-4) 1.733136)
    (= (distance s3-antenna-4 s3-antenna-6) 2.114554)
    (= (distance s3-antenna-6 s3-antenna-4) 2.114554)
    (= (distance s3-antenna-5 s3-antenna-6) 1.626395)
    (= (distance s3-antenna-6 s3-antenna-5) 1.626395)
    (= (distance s4-tower-launchpad s4-antenna-1) 7.551247)
    (= (distance s4-antenna-1 s4-tower-launchpad) 7.551247)
    (= (distance s4-tower-launchpad s4-antenna-2) 4.772442)
    (= (distance s4-antenna-2 s4-tower-launchpad) 4.772442)
    (= (distance s4-tower-launchpad s4-antenna-3) 7.476881)
    (= (distance s4-antenna-3 s4-tower-launchpad) 7.476881)
    (= (distance s4-tower-launchpad s4-antenna-4) 5.646729)
    (= (distance s4-antenna-4 s4-tower-launchpad) 5.646729)
    (= (distance s4-tower-launchpad s4-antenna-5) 4.15707)
    (= (distance s4-antenna-5 s4-tower-launchpad) 4.15707)
    (= (distance s4-tower-launchpad s4-antenna-6) 6.037968)
    (= (distance s4-antenna-6 s4-tower-launchpad) 6.037968)
    (= (distance s4-antenna-1 s4-antenna-2) 1.177278)
    (= (distance s4-antenna-2 s4-antenna-1) 1.177278)
    (= (distance s4-antenna-1 s4-antenna-3) 1.540518)
    (= (distance s4-antenna-3 s4-antenna-1) 1.540518)
    (= (distance s4-antenna-1 s4-antenna-4) 1.410746)
    (= (distance s4-antenna-4 s4-antenna-1) 1.410746)
